6 7 8 20 31 36 41 52 62 65 75 74 84 94
0.00000 2.00000 4.00000 6.82843 9.65685 11.65685 13.65685 15.65685 17.65685 19.65685 22.48528 24.48528 27.31371 30.14214
6 18 19 20 31 36 41 52 62 65 75 85 95 94
0.00000 2.82843 4.82843 6.82843 9.65685 11.65685 13.65685 15.65685 17.65685 19.65685 22.48528 25.31371 28.14214 30.14214
6 16 26 35 40 45 55 64 68 80 92 93 94
0.00000 2.82843 5.65685 8.48528 10.48528 12.48528 15.31371 18.14213 20.97056 23.79899 26.62742 28.62742 30.62742
6 17 27 26 35 40 45 55 64 68 80 92 93 94
0.00000 2.00000 4.82843 6.82843 9.65685 11.65685 13.65685 16.48528 19.31371 22.14214 24.97056 27.79899 29.79899 31.79899
6 17 27 26 35 40 45 55 64 68 80 92 93 94
0.00000 2.00000 4.82843 6.82843 9.65685 11.65685 13.65685 16.48528 19.31371 22.14214 24.97056 27.79899 29.79899 31.79899
6 17 27 26 35 40 45 55 64 68 80 92 93 94
0.00000 2.00000 4.82843 6.82843 9.65685 11.65685 13.65685 16.48528 19.31371 22.14214 24.97056 27.79899 29.79899 31.79899
